0.0552048111411
0.0616414862704
0.0696646232992
0.0723894621784
0.0734712217996
0.0730019273915
0.0704166176761
0.0785616754489
0.0942874155922
0.114980138607
0.141985461951
0.154488693505
0.148778358221
0.136582693354
0.115909508778
0.116940697114
0.170455697927
0.241672452536
0.334952250319
0.417236843385
0.384436448778
0.328886130006
0.244371955732
0.14756400978
0.323604067649
0.556
0.661988822073
0.727306719285
0.533543507441
0.364143100525
0.234274491504
0.136398306777
0.161680786747
0.205002816684
0.23240090694
0.247441359885
0.21464496864
0.164180732575
0.12569684399
0.0967352351073
0.0886181201079
0.0972807437349
0.101601536856
0.102659998791
0.0976120521683
0.0831089181289
0.0718252188825
0.0630480679165
0.0567423088858
0.0564539945859
0.0552048111411
0.0532785410936
0.0508957839041
0.0463650496396
0.042374505529
0.0389624846606
0.0359899904946
0.0338736946571
0.0318701199552
0.0298074666457
0.027729606488
0.0255526367848
0.0234257699815
0.0214292534992
0.0195366355778
0.0177449790661
0.0160251055671
0.014347349764
0.0127151070253
0.011128523209
0.00958787230859
0.00809379111292
0.00664234974891
0.00523045202793
0.00385547022117
0.002515
0.00385547232766
0.00523052485722
0.0066425815553
0.00809390367985
0.00958639703056
0.0111213085158
0.0127046994773
0.0143426024515
0.0160413577376
0.017811111527
0.0196296481397
0.0214761059285
0.0233569302795
0.0252563519849
0.0272668767092
0.0295518746589
0.0320438799735
0.0348059241648
0.0376886078963
0.0399746974658
0.0421116502762
0.0439966073297
0.045710325848
0.0499907607498
0.0552048111411
0.0597512339747
0.0647359766789
0.0692289356135
0.0741988141922
0.0798402256538
0.0862764726933
0.0946317594377
0.104565835589
0.116024493958
0.129312710826
0.143770325121
0.159835834401
0.178577253087
0.20045812945
0.227152199148
0.260269930906
0.2993358557
0.345440985423
0.398679282257
0.457235693982
0.52551508099
0.605050695223
0.698316169348
0.816069731527
0.9545046875
0.826144043366
0.71558858823
0.613694338439
0.526575712208
0.452672227115
0.390018308855
0.339989283513
0.298151391025
0.2623389846
0.231696859595
0.204076391056
0.179652412476
0.158869272532
0.14113990413
0.126636373484
0.115034784697
0.105027676855
0.0963717050565
0.0885492778727
0.0808294853748
0.0740079960602
0.0679325180621
0.0625670730734
0.0586879291172
0.0552048111411
0.0520575775464
0.049195887513
0.0456465800832
0.042232666148
0.0390061271165
0.0359398958443
0.033761263016
0.0319494001491
0.0302409889999
0.0286253647231
0.0265142530337
0.0240669953812
0.0216912856954
0.0193816923692
0.0175467210008
0.0163473235847
0.0152018343221
0.014107397106
0.0128137929574
0.0108235338343
0.00887715750464
0.00697231921378
0.00518920156437
0.00435047510823
0.00354625
0.00534048698882
0.00716929664459
0.00812744414721
0.00904218931193
0.00999828420578
0.0109979960952
0.0127865988938
0.0148715690827
0.0170080117904
0.0191989179838
0.0208691938089
0.0221873361755
0.0235706720794
0.025024237718
0.0269682906309
0.0295773759739
0.0322817205551
0.0350932494697
0.0377762735343
0.0398437700981
0.0420643704826
0.0444614993956
0.0471486997175
0.0510238837514
0.0552048111411
0.0597512339747
0.0647359766789
0.0692289356135
0.0741988141922
0.0798402256538
0.0862764726933
0.0946317594377
0.104565835589
0.116024493958
0.129312710826
0.143770325121
0.159835834401
0.178577253087
0.20045812945
0.227152199148
0.260269930906
0.2993358557
0.345440985423
0.398679282257
0.457235693982
0.52551508099
0.605050695223
0.698316169348
0.816069731527
0.9545046875
0.826144043366
0.71558858823
0.613694338439
0.526575712208
0.452672227115
0.390018308855
0.339989283513
0.298151391025
0.2623389846
0.231696859595
0.204076391056
0.179652412476
0.158869272532
0.14113990413
0.126636373484
0.115034784697
0.105027676855
0.0963717050565
0.0885492778727
0.0808294853748
0.0740079960602
0.0679325180621
0.0625670730734
0.0586879291172
0.0552048111411
0.0520575775464
0.049195887513
0.0456465800832
0.042232666148
0.0390061271165
0.0359398958443
0.033761263016
0.0319494001491
0.0302409889999
0.0286253647231
0.0265142530337
0.0240669953812
0.0216912856954
0.0193816923692
0.0175467210008
0.0163473235847
0.0152018343221
0.014107397106
0.0128137929574
0.0108235338343
0.00887715750464
0.00697231921378
0.00518920156437
0.00435047510823
0.00354625
0.00534048698882
0.00716929664459
0.00812744414721
0.00904218931193
0.00999828420578
0.0109979960952
0.0127865988938
0.0148715690827
0.0170080117904
0.0191989179838
0.0208691938089
0.0221873361755
0.0235706720794
0.025024237718
0.0269682906309
0.0295773759739
0.0322817205551
0.0350932494697
0.0377762735343
0.0398437700981
0.0420643704826
0.0444614993956
0.0471486997175
0.0510238837514
0.0552048111411
0.0593388556983
0.0638830339792
0.0687853511154
0.0742832444383
0.0805078712962
0.0876007815632
0.0957974335854
0.105223321607
0.116084269235
0.128654548732
0.143258435573
0.160327594235
0.18033685667
0.203831722946
0.231380333247
0.263611032052
0.301431277956
0.345815664012
0.39802416336
0.45978654865
0.532377851508
0.617624842394
0.717536170915
0.833300516987
0.9685
0.831887638519
0.715179652026
0.616488593366
0.532244957418
0.460324791121
0.39897160045
0.346358819526
0.301536303901
0.263452684982
0.231092840438
0.203654691869
0.180300687481
0.160344552031
0.143260589397
0.128610859766
0.116050964399
0.105246838861
0.0959155716944
0.087792529947
0.0806069368274
0.0742612867985
0.068618057741
0.063575096264
0.059175285262
0.0552048111411
0.0515952208578
0.0482897270861
0.0450640434243
0.0420299396275
0.0391731117453
0.0364691627127
0.0340566566129
0.0318189499016
0.0296894720686
0.0276563340164
0.0255810226919
0.0234897037776
0.0214675168119
0.019509123806
0.0177054018779
0.0160945744581
0.0145419754895
0.0130461800483
0.0115445873664
0.00990418430109
0.00830203380804
0.00673374810904
0.00521849280554
0.00400643070509
0.0028475
0.00430835377942
0.00579260830988
0.00705387417589
0.00834598694237
0.00969183436139
0.011090864797
0.012724174361
0.0144630850435
0.0162497644104
0.0180881518447
0.0198497423145
0.0215799634915
0.0233782415449
0.0252495002143
0.0272913008664
0.0295449338014
0.0318903698127
0.0343383547222
0.0368500565146
0.0393428162115
0.0419967949757
0.0448384348808
0.0479154508479
0.0514151086417
0.0552048111411
0.0590637669803
0.0633117558057
0.0684878679703
0.0743397770287
0.0809528936543
0.0884769034984
0.0965605820267
0.105648078781
0.11612227544
0.128243648479
0.142945235919
0.160622054426
0.181367117321
0.20576267362
0.233746897933
0.26544141129
0.302556450346
0.346013229683
0.397684186554
0.461092695551
0.535854657566
0.623946032904
0.727152695437
0.841907204465
0.9755
0.834756534345
0.714975045122
0.617893302368
0.535117101552
0.464243231823
0.403617950135
0.349717435939
0.303353890069
0.264062811395
0.230754759768
0.203413323035
0.180680257194
0.161227932606
0.144558130824
0.129843560524
0.1166970699
0.105388424585
0.0956169483913
0.0872918888412
0.0804585960413
0.0744308845696
0.0690778044198
0.0642502431963
0.0595003901105
0.0552048111411
0.0512916038329
0.0477013964539
0.0446908750556
0.0419020453026
0.0392766929529
0.0367915488278
0.034233172428
0.0317425192635
0.029372673228
0.0271103760162
0.0250647661332
0.0231755961332
0.0213474667338
0.0195767534603
0.0177890515818
0.0159615712049
0.0141933326578
0.0124794544564
0.0108544219913
0.0093910120261
0.00796963202265
0.00658967034555
0.00523715234837
0.00377299061888
0.0023375
0.00360803352077
0.00491560979686
0.00640552424017
0.00794360583373
0.0095207769364
0.0111413647025
0.0126908375615
0.0142472585286
0.0158507546509
0.0175026039169
0.0193087050797
0.0212541132796
0.0232735389968
0.0253741138663
0.0274732868665
0.0295262985755
0.0316610778984
0.0338872587502
0.0362858808131
0.0390320725889
0.0419541635341
0.0450798967664
0.0484132690752
0.0516720153551
0.0552048111411
0.0599574030929
0.0651989431413
0.0694877934006
0.0741463343527
0.0794021454024
0.0853671071257
0.0938011032684
0.104083525542
0.115979697324
0.129813054593
0.144162560633
0.159458150156
0.177229057854
0.197889157791
0.223961227889
0.257775643456
0.297790067675
0.345167951384
0.399151001737
0.455419356042
0.520677108576
0.596262109119
0.684975678903
0.804172465288
0.944875
0.822178287953
0.715872428452
0.611741319304
0.5225791263
0.447223213296
0.383571475961
0.335347704859
0.295654348831
0.26150755545
0.232152712632
0.204397512513
0.17915570897
0.157736219797
0.139514928438
0.125135342183
0.114273241912
0.104866906839
0.0966967444271
0.0890689153399
0.0809755121253
0.0738505565418
0.0675324651185
0.0620199308906
0.0584442747047
0.0552048111411
0.0522474708876
0.049527073948
0.0458333106032
0.0422886877723
0.0389671782495
0.0358384880511
0.0337164575472
0.0319642358795
0.0302839733197
0.0286684627859
0.0265268196741
0.0240583395737
0.02168214848
0.019389848698
0.0175601267742
0.016321480027
0.0151244317872
0.0139698259152
0.0126370629419
0.010689205038
0.00879077112937
0.00693618590526
0.00519358841588
0.00430059710574
0.003450625
0.00519085298137
0.00696311462378
0.00796484425887
0.00893761633134
0.00995350794038
0.0110109275597
0.0127785064708
0.0148236532278
0.0169304811172
0.0191050775702
0.0208039431785
0.0221625351623
0.0235677868103
0.025021204391
0.0269539246099
0.0295799044633
0.0323262277463
0.0352077523344
0.0379537371724
0.0399606166991
0.0420830443573
0.044340673765
0.0468684650417
0.0508632047703
0.0552048111411
0.0616414862704
0.0696646232992
0.0723894621784
0.0734712217996
0.0730019273915
0.0704166176761
0.0785616754489
0.0942874155922
0.114980138607
0.141985461951
0.154488693505
0.148778358221
0.136582693354
0.115909508778
0.116940697114
0.170455697927
0.241672452536
0.334952250319
0.417236843385
0.384436448778
0.328886130006
0.244371955732
0.14756400978
0.323604067649
0.556
0.661988822073
0.727306719285
0.533543507441
0.364143100525
0.234274491504
0.136398306777
0.161680786747
0.205002816684
0.23240090694
0.247441359885
0.21464496864
0.164180732575
0.12569684399
0.0967352351073
0.0886181201079
0.0972807437349
0.101601536856
0.102659998791
0.0976120521683
0.0831089181289
0.0718252188825
0.0630480679165
0.0567423088858
0.0564539945859
0.0552048111411
0.0532785410936
0.0508957839041
0.0463650496396
0.042374505529
0.0389624846606
0.0359899904946
0.0338736946571
0.0318701199552
0.0298074666457
0.027729606488
0.0255526367848
0.0234257699815
0.0214292534992
0.0195366355778
0.0177449790661
0.0160251055671
0.014347349764
0.0127151070253
0.011128523209
0.00958787230859
0.00809379111292
0.00664234974891
0.00523045202793
0.00385547022117
0.002515
0.00385547232766
0.00523052485722
0.0066425815553
0.00809390367985
0.00958639703056
0.0111213085158
0.0127046994773
0.0143426024515
0.0160413577376
0.017811111527
0.0196296481397
0.0214761059285
0.0233569302795
0.0252563519849
0.0272668767092
0.0295518746589
0.0320438799735
0.0348059241648
0.0376886078963
0.0399746974658
0.0421116502762
0.0439966073297
0.045710325848
0.0499907607498
0.0552048111411
0.0614543668026
0.0683905160481
0.0711916393628
0.0738147867811
0.0767326268148
0.0799969668573
0.0890258934015
0.101372750575
0.11573253191
0.132533604029
0.146271787649
0.15744309167
0.17007220165
0.184287545237
0.207076865583
0.24456481228
0.289585036585
0.343714267852
0.401671632308
0.445675262817
0.494615784634
0.548722676086
0.612517541251
0.739293584893
0.89215625
0.800551994488
0.717414090955
0.601177000853
0.501050206522
0.41799093362
0.34912285817
0.310635084811
0.282400067841
0.257103945058
0.23456476439
0.206097714083
0.176518972473
0.151691044339
0.130776702228
0.116973693874
0.110071429887
0.103963315184
0.0985653048098
0.0921375669219
0.0818653516545
0.0728559138268
0.0648992486314
0.0582480720006
0.0566751357751
0.0552048111411
0.0538069686508
0.0524535098924
0.0476259907434
0.0428801318849
0.0385078749255
0.0344742737702
0.0330077562896
0.0322533374751
0.0314031540242
0.0304506128885
0.0280631460063
0.0248960969589
0.0219628244735
0.0192552954266
0.0174242901738
0.016486961044
0.0154225170624
0.0142316042888
0.0126864377486
0.0105306430683
0.00856726185889
0.00679039424557
0.00521824774198
0.00392784954774
0.002515
0.00407261030738
0.00580412629718
0.00730878179027
0.0086670524776
0.00990065395047
0.011007314769
0.0127939051987
0.0150081822077
0.0174269241681
0.020055933773
0.0218803693493
0.0229243700017
0.023847039272
0.0246503670004
0.0263598745757
0.0296457386224
0.0331935325332
0.0370188777706
0.0403411121638
0.0413385266712
0.0422801923949
0.0431807042625
0.0443922500118
0.0495436297399
0.0552048111411
0.0602385820343
0.0657300574981
0.0697382425088
0.0741034051262
0.079098280863
0.0848301421246
0.0933811735242
0.103873073691
0.115962637129
0.129981795161
0.144281795869
0.159352553467
0.176874917386
0.197241896911
0.223175621258
0.257166350365
0.297411100604
0.345100254053
0.399269803171
0.454953960548
0.519416451491
0.593937439659
0.681403592526
0.800958263768
0.942259375
0.821106887446
0.71594843029
0.611224726091
0.521537713925
0.445827026815
0.381947856366
0.334196850235
0.295042171255
0.261304457753
0.232264942151
0.204478420123
0.179025236166
0.157419429727
0.139020953887
0.124629120478
0.113983218607
0.104796756222
0.0968610647618
0.0893757524834
0.0810768003051
0.0737217688621
0.0671454074059
0.061392250287
0.0581119723194
0.0552048111411
0.0526174950187
0.0503047809022
0.0463660933578
0.0424851096463
0.0387967163711
0.0352721221388
0.033386641826
0.0321155603521
0.0309460778401
0.0298681702922
0.0277145431491
0.0248114803339
0.0219806484755
0.0192164144315
0.017340196378
0.0166776676876
0.0160687805755
0.0155107452066
0.0145057854881
0.012061408277
0.00966105858926
0.00730235490905
0.00514794958354
0.00484548104853
0.0045775
0.00682550480972
0.00910813974397
0.0096126047759
0.00999112220385
0.01041090902
0.0108741917637
0.0128691487821
0.0154082500967
0.0179990440989
0.0206445903439
0.0221914173108
0.0229727494356
0.0238188337303
0.0247345125177
0.0265540221078
0.029618851788
0.0327802011642
0.0360506147332
0.0389448775188
0.0404720023343
0.0421485183153
0.0439959319826
0.0462104053112
0.0505501074286
0.0552048111411
0.0597468359872
0.0649626106755
0.0694864595906
0.0741200112706
0.0789578326475
0.0839711126804
0.0920860341398
0.10282873841
0.115838908589
0.131656299014
0.145817551896
0.157666891651
0.170154698382
0.183178378305
0.204260993527
0.24135252674
0.287040709393
0.343180224846
0.402717967991
0.441254486665
0.482010153563
0.524675868233
0.574775615517
0.704931049792
0.8640625
0.789097816121
0.718217110652
0.595833265774
0.490636859116
0.404728605166
0.334822937163
0.301556353708
0.278290000837
0.256033183211
0.234967031826
0.206236359949
0.176549366006
0.152362444282
0.132658536059
0.11960560892
0.11187983342
0.104448644462
0.097367858434
0.0898666264515
0.0811236163769
0.0737715872954
0.0675345264612
0.0622992328956
0.0586931267388
0.0552048111411
0.0518479973238
0.0486298694594
0.0451997876903
0.0420534964592
0.0391695281889
0.0364979882222
0.0340905052457
0.031797863314
0.0295802375452
0.0274373561014
0.0253502828544
0.0233375932846
0.0214057364852
0.019545600644
0.017752212304
0.0160179292841
0.014336235279
0.0127051392328
0.0111223936134
0.00958582961593
0.00809329091633
0.00664228688616
0.00523045349102
0.0038554691878
0.002515
0.00385546922755
0.00523045609207
0.00664229867293
0.00809329817871
0.00958571613301
0.0111217570228
0.0127041131366
0.0143357220561
0.0160198288884
0.0177604788616
0.0195579276101
0.0214122740335
0.0233275380472
0.0253051960371
0.0273642935048
0.0295385082412
0.0318271100497
0.0342518526605
0.0367996118729
0.0393535668808
0.042004647253
0.0447506003557
0.0476276380705
0.0512012208627
0.0552048111411
0.0596594735634
0.0647607882552
0.0693716341646
0.0741433762288
0.0791502568689
0.084356692549
0.0924165141261
0.103001980334
0.115852643611
0.131536736618
0.145756568353
0.157687981082
0.170074121995
0.182688657196
0.203190266288
0.240123092703
0.286019354292
0.342951721564
0.403198738634
0.439065058288
0.475268285637
0.5107746009
0.551183223894
0.681701946639
0.843525
0.781354781737
0.718719076431
0.592744095256
0.485067489959
0.398160320035
0.328252405041
0.297671797907
0.276640119521
0.255623371866
0.235119992861
0.206297575088
0.176519679969
0.152425712575
0.132911182166
0.119964296107
0.112113328796
0.10450639177
0.0972385401785
0.089646295098
0.0810594749698
0.07384168217
0.0677119839378
0.0625377503014
0.0587963732396
0.0552048111411
0.0517737467231
0.0485064020087
0.0451335412692
0.0420345642659
0.0391821274148
0.0365297194561
0.0341043358142
0.0317931798386
0.0295653492545
0.0274181028779
0.0253369546811
0.0233318220132
0.0214042172143
0.0195461679905
0.0177526568047
0.0160175054488
0.0143356122683
0.0127046172134
0.0111220997648
0.00958574243791
0.00809327266325
0.00664228504613
0.00523045352158
0.00385546917624
0.002515
0.00385546919286
0.00523045465583
0.00664229039278
0.00809327608288
0.00958568707367
0.0111217785239
0.0127040824295
0.0143353363827
0.0160185573827
0.017757367357
0.0195533888385
0.0214081502983
0.0233256142901
0.0253084131824
0.0273707112459
0.0295376324594
0.0318130596237
0.0342165078743
0.0367440822136
0.0393157692032
0.0419983365219
0.044793465687
0.0477321105287
0.0512640482941
0.0552048111411
0.0597512339747
0.0647359766789
0.0692289356135
0.0741988141922
0.0798402256538
0.0862764726933
0.0946317594377
0.104565835589
0.116024493958
0.129312710826
0.143770325121
0.159835834401
0.178577253087
0.20045812945
0.227152199148
0.260269930906
0.2993358557
0.345440985423
0.398679282257
0.457235693982
0.52551508099
0.605050695223
0.698316169348
0.816069731527
0.9545046875
0.826144043366
0.71558858823
0.613694338439
0.526575712208
0.452672227115
0.390018308855
0.339989283513
0.298151391025
0.2623389846
0.231696859595
0.204076391056
0.179652412476
0.158869272532
0.14113990413
0.126636373484
0.115034784697
0.105027676855
0.0963717050565
0.0885492778727
0.0808294853748
0.0740079960602
0.0679325180621
0.0625670730734
0.0586879291172
0.0552048111411
0.0520575775464
0.049195887513
0.0456465800832
0.042232666148
0.0390061271165
0.0359398958443
0.033761263016
0.0319494001491
0.0302409889999
0.0286253647231
0.0265142530337
0.0240669953812
0.0216912856954
0.0193816923692
0.0175467210008
0.0163473235847
0.0152018343221
0.014107397106
0.0128137929574
0.0108235338343
0.00887715750464
0.00697231921378
0.00518920156437
0.00435047510823
0.00354625
0.00534048698882
0.00716929664459
0.00812744414721
0.00904218931193
0.00999828420578
0.0109979960952
0.0127865988938
0.0148715690827
0.0170080117904
0.0191989179838
0.0208691938089
0.0221873361755
0.0235706720794
0.025024237718
0.0269682906309
0.0295773759739
0.0322817205551
0.0350932494697
0.0377762735343
0.0398437700981
0.0420643704826
0.0444614993956
0.0471486997175
0.0510238837514
0.0552048111411
0.0599574030929
0.0651989431413
0.0694877934006
0.0741463343527
0.0794021454024
0.0853671071257
0.0938011032684
0.104083525542
0.115979697324
0.129813054593
0.144162560633
0.159458150156
0.177229057854
0.197889157791
0.223961227889
0.257775643456
0.297790067675
0.345167951384
0.399151001737
0.455419356042
0.520677108576
0.596262109119
0.684975678903
0.804172465288
0.944875
0.822178287953
0.715872428452
0.611741319304
0.5225791263
0.447223213296
0.383571475961
0.335347704859
0.295654348831
0.26150755545
0.232152712632
0.204397512513
0.17915570897
0.157736219797
0.139514928438
0.125135342183
0.114273241912
0.104866906839
0.0966967444271
0.0890689153399
0.0809755121253
0.0738505565418
0.0675324651185
0.0620199308906
0.0584442747047
0.0552048111411
0.0522474708876
0.049527073948
0.0458333106032
0.0422886877723
0.0389671782495
0.0358384880511
0.0337164575472
0.0319642358795
0.0302839733197
0.0286684627859
0.0265268196741
0.0240583395737
0.02168214848
0.019389848698
0.0175601267742
0.016321480027
0.0151244317872
0.0139698259152
0.0126370629419
0.010689205038
0.00879077112937
0.00693618590526
0.00519358841588
0.00430059710574
0.003450625
0.00519085298137
0.00696311462378
0.00796484425887
0.00893761633134
0.00995350794038
0.0110109275597
0.0127785064708
0.0148236532278
0.0169304811172
0.0191050775702
0.0208039431785
0.0221625351623
0.0235677868103
0.025021204391
0.0269539246099
0.0295799044633
0.0323262277463
0.0352077523344
0.0379537371724
0.0399606166991
0.0420830443573
0.044340673765
0.0468684650417
0.0508632047703
0.0552048111411
0.059456552746
0.0641572269063
0.0689439938853
0.0742500202227
0.0802216869754
0.0869881518717
0.0952204775217
0.104877928927
0.116051189327
0.129035619339
0.143566588057
0.160021515097
0.179210028293
0.201618293178
0.228548246824
0.261333028684
0.299980481833
0.345552736111
0.398489418183
0.457955310395
0.527402098363
0.608423714975
0.703349126054
0.820475875382
0.958
0.827612757984
0.715481504045
0.614443898384
0.528134552646
0.454831076354
0.392613117877
0.341889045222
0.299192710164
0.262693350526
0.231497424213
0.20393137059
0.179885540184
0.159426314619
0.141983957678
0.127467647946
0.11548860597
0.105131707967
0.0961413371106
0.0881426040565
0.080702331601
0.0741616141518
0.0683728825512
0.0632510500773
0.0590361887511
0.0552048111411
0.0516946735755
0.0484541573924
0.0451509302641
0.0420539353011
0.0391582120221
0.0364364391995
0.0340459625058
0.0318205603948
0.0296840697959
0.0276269584992
0.0255349705378
0.0234509857103
0.0214487892615
0.0195217988209
0.0177235986276
0.0160618076365
0.0144464784472
0.0128760460242
0.0113200946727
0.00972500711429
0.0081784124262
0.00667704209687
0.00522622263957
0.0039051140921
0.0026165
0.00400440394043
0.00542930611042
0.0067986971211
0.00819634000646
0.00963210863246
0.0111072910916
0.0127141664772
0.0144039678268
0.0161514639457
0.0179607745967
0.0197483421952
0.0215291315691
0.0233653355225
0.0252606162514
0.0273010927055
0.0295446160207
0.0318952012924
0.034365684107
0.0369073226626
0.0393875153813
0.0420047935336
0.0447822139844
0.0477763175118
0.0513309563421
0.0552048111411
0.059912494971
0.0650657596435
0.0693983464209
0.0741669909466
0.0795920509334
0.0857912712209
0.0942109613664
0.104332012966
0.116003549518
0.129539998753
0.143944652699
0.159670550823
0.177993008753
0.199350358274
0.225777527323
0.259193037752
0.298665449841
0.345321844937
0.398886582195
0.45643147065
0.523356727192
0.60110120932
0.692280190726
0.810653309809
0.950096375
0.82433856946
0.715717013307
0.612816674905
0.524792724287
0.450259557119
0.387185209714
0.337963895262
0.297068427715
0.261980020215
0.231893241284
0.204214862453
0.179437164564
0.158373421797
0.140417689876
0.125954509704
0.114678729212
0.10494973598
0.0965363651714
0.0888265358569
0.0809122102816
0.0739125263235
0.0676707013599
0.0621773295697
0.0584973479397
0.0552048111411
0.0522419510519
0.0495601930716
0.0458824411759
0.0423152439797
0.0389377641908
0.0357223181954
0.0336394252949
0.0320033465341
0.0304695313965
0.0290275773206
0.0269021446712
0.0243072624238
0.0217845547599
0.0193284804061
0.0174802995099
0.0164534659662
0.0154801535265
0.0145575795098
0.0133562147605
0.0112201537077
0.00912820852434
0.00707797863495
0.00517599826402
0.00450888500839
0.00387625
0.0058157166893
0.00778985176123
0.00860291154245
0.00934609317789
0.0101304908303
0.010958306695
0.0128130802117
0.0150438619235
0.0173264389348
0.0196638684206
0.0212948895138
0.0224404950648
0.0236507610936
0.024930608702
0.026834219765
0.0295908196443
0.0324435597102
0.0354046125348
0.0381570344199
0.0400488588752
0.0420918964265
0.0443088833945
0.0468404411679
0.0508678754005
0.0552048111411
0.0594887213191
0.064333952551
0.0691067287706
0.0742027749906
0.0796963256054
0.0855990081955
0.0936534890819
0.103780251975
0.115930470075
0.130607223324
0.144982975237
0.15847290102
0.17300399685
0.188481368226
0.210598204745
0.246039229788
0.28973728351
0.34361283886
0.402056803109
0.443432112194
0.486749576536
0.531241391001
0.581503795509
0.707958267196
0.8640625
0.790106888589
0.718073957886
0.597292270834
0.494552034615
0.411261481753
0.343858857213
0.308910791952
0.282646005181
0.257595417561
0.234061715938
0.205573486209
0.177599107547
0.154780472387
0.136116067935
0.122752835989
0.113436378679
0.10476581565
0.0967545065001
0.0889364004429
0.0808774520576
0.0740198784554
0.068121383183
0.0630421924972
0.0589981713465
0.0552048111411
0.0516474875849
0.0483091763801
0.0450337678701
0.0420075982002
0.0391991419943
0.0365704320586
0.0341212240405
0.0317877297179
0.0295488205579
0.0273976949981
0.0253234587464
0.0233262375844
0.0214028122684
0.0195466693404
0.0177530320325
0.0160171638446
0.0143351331868
0.0127042345818
0.011121894698
0.00958568459467
0.00809326116734
0.00664228394823
0.00523045353882
0.00385546917009
0.002515
0.00385546917442
0.00523045384573
0.0066422854522
0.00809326216677
0.00958566779259
0.0111217935288
0.0127040599218
0.0143350398085
0.0160175325701
0.0177547407623
0.0195493780396
0.0214043368737
0.0233237528138
0.0253116708218
0.0273775138725
0.0295366601832
0.0317967092616
0.0341733490737
0.0366728351592
0.0392647254646
0.0419893478333
0.0448580249453
0.047898993753
0.0513708829496
0.0552048111411
0.0684925082328
0.0833092833724
0.0791166325311
0.0722793036378
0.0644159604568
0.0553033462135
0.0671350724777
0.0889812514768
0.11460576916
0.144902657033
0.155835558975
0.148331720284
0.137805944184
0.123156062811
0.131444878386
0.185602114577
0.253108175852
0.337279305891
0.412777684939
0.402959327442
0.380995524049
0.342694082974
0.300506534726
0.461844575131
0.668375
0.708068991234
0.724052623009
0.55539286905
0.407189991256
0.289843127496
0.197340138868
0.201240731481
0.223475908194
0.23744971249
0.24536933399
0.213739149386
0.164631403933
0.124356930179
0.0911553638771
0.0798665348628
0.0909164631275
0.099832815484
0.107131278215
0.10624820729
0.0859709071072
0.0682494643971
0.0526515319169
0.0406168015265
0.0483573322667
0.0552048111411
0.061248745211
0.0665515747978
0.0563601745958
0.0458006444651
0.0362033147049
0.027497308919
0.0292993299749
0.0338083797418
0.037627138677
0.0407722980442
0.0374167336427
0.0303237026018
0.0239300231812
0.0182112406759
0.0162168525398
0.0182665785988
0.0197046894437
0.0205514260938
0.0195889143178
0.0150711433726
0.0111299292094
0.00774194649334
0.0051146883049
0.00499263425512
0.00437675
0.00726696442951
0.0106714198398
0.0115907669052
0.011769228744
0.0114141540519
0.0105022555079
0.0131656594225
0.0176590508247
0.0227657768327
0.0285079972111
0.0302328073552
0.0282639093511
0.0256562411529
0.0223926044675
0.0229193128572
0.0300118553666
0.0378586593334
0.0464959672414
0.0525508006534
0.0482522073329
0.0432536965883
0.0375291735345
0.0324631181687
0.0432467418813
0.0552048111411
0.0614543668026
0.0683905160481
0.0711916393628
0.0738147867811
0.0767326268148
0.0799969668573
0.0890258934015
0.101372750575
0.11573253191
0.132533604029
0.146271787649
0.15744309167
0.17007220165
0.184287545237
0.207076865583
0.24456481228
0.289585036585
0.343714267852
0.401671632308
0.445675262817
0.494615784634
0.548722676086
0.612517541251
0.739293584893
0.89215625
0.800551994488
0.717414090955
0.601177000853
0.501050206522
0.41799093362
0.34912285817
0.310635084811
0.282400067841
0.257103945058
0.23456476439
0.206097714083
0.176518972473
0.151691044339
0.130776702228
0.116973693874
0.110071429887
0.103963315184
0.0985653048098
0.0921375669219
0.0818653516545
0.0728559138268
0.0648992486314
0.0582480720006
0.0566751357751
0.0552048111411
0.0538069686508
0.0524535098924
0.0476259907434
0.0428801318849
0.0385078749255
0.0344742737702
0.0330077562896
0.0322533374751
0.0314031540242
0.0304506128885
0.0280631460063
0.0248960969589
0.0219628244735
0.0192552954266
0.0174242901738
0.016486961044
0.0154225170624
0.0142316042888
0.0126864377486
0.0105306430683
0.00856726185889
0.00679039424557
0.00521824774198
0.00392784954774
0.002515
0.00407261030738
0.00580412629718
0.00730878179027
0.0086670524776
0.00990065395047
0.011007314769
0.0127939051987
0.0150081822077
0.0174269241681
0.020055933773
0.0218803693493
0.0229243700017
0.023847039272
0.0246503670004
0.0263598745757
0.0296457386224
0.0331935325332
0.0370188777706
0.0403411121638
0.0413385266712
0.0422801923949
0.0431807042625
0.0443922500118
0.0495436297399
0.0552048111411
0.0612133937538
0.0677184658768
0.0707569879427
0.0739125614364
0.0776141862983
0.0819370708806
0.0908796395876
0.102487346123
0.115838905089
0.131320163553
0.145304889764
0.158385848834
0.173469751176
0.190808519775
0.21522137598
0.250958377109
0.29356111589
0.344418713512
0.400450967189
0.450390078213
0.50721825544
0.571709579154
0.647576997892
0.770734651318
0.91776875
0.811032349963
0.716668145069
0.606285201535
0.511460943275
0.432135379809
0.365805281462
0.322610661031
0.288822965179
0.259235133334
0.233401262905
0.205282592265
0.177770701246
0.154519315828
0.134782422035
0.120614015302
0.111879773928
0.104334847033
0.0978399258674
0.0910289360514
0.0815714984933
0.0731492377928
0.0655709826444
0.0590423131123
0.0569599221055
0.0552048111411
0.0537374494774
0.0525227904956
0.0478052552765
0.0429900408637
0.0383778609286
0.0339364751568
0.0326373484218
0.032447901278
0.0323563338345
0.0323539044747
0.0301152282544
0.026300507003
0.0225593930418
0.0188858493424
0.016927137531
0.0173383684342
0.017802699275
0.018317474075
0.0178897996446
0.0145371720124
0.0112288667996
0.00796242773439
0.00506544554199
0.00583549316902
0.00664
0.00979554117122
0.0129858296967
0.0125829324899
0.0118889953006
0.0112361635985
0.0106265809717
0.0130342504802
0.0164816283393
0.0199811463389
0.0235360022728
0.0248359380236
0.0245436275442
0.0243151759534
0.0241550368026
0.025725444047
0.029701808023
0.0337772239418
0.0379654756551
0.0412822597373
0.0417285686618
0.0423168287211
0.0430647095647
0.044333627963
0.0496024536559
0.0552048111411
0.060311708657
0.0659880872219
0.0699266386939
0.0740576169743
0.0786618242182
0.0838271214409
0.0923880699993
0.103257442604
0.115902272861
0.130687514128
0.144857054013
0.158779578882
0.174767994175
0.193120035005
0.217933447733
0.252980246833
0.294765862972
0.344624615363
0.400105162095
0.45168834478
0.510595576783
0.577704900961
0.656467524183
0.77847360983
0.923875
0.8136120028
0.716478984936
0.607617495269
0.514250904385
0.436030179509
0.370531284409
0.326110992497
0.290769095081
0.259909089909
0.233013824083
0.204993652862
0.178249001298
0.155700505973
0.136637741577
0.122511963578
0.112957026049
0.10459154586
0.0972496704889
0.0899489071598
0.0812222858534
0.0735844044066
0.0668542496652
0.061087306068
0.0580255499472
0.0552048111411
0.0525823401277
0.0501221786253
0.0461769935656
0.0423950316542
0.0388901927778
0.0356268574806
0.0336155867955
0.0320015842459
0.0304134081446
0.0288496262664
0.0266606223444
0.0241184920803
0.0216977288937
0.0193847712535
0.0175577450924
0.0163202843901
0.0151117441639
0.013939768215
0.0125966598767
0.0106620593225
0.00877863007896
0.00693470753386
0.00519312781402
0.00431619434294
0.003509
0.00523764469297
0.00698476291103
0.00795819158758
0.00892291927031
0.00994445936852
0.0110138838816
0.0127767383708
0.0148157989848
0.0169268942065
0.0191217493428
0.0208445627346
0.0222048248566
0.0235878376458
0.0249889071947
0.0268935367831
0.0295875182765
0.0324382728457
0.0354655331444
0.0383240906706
0.0401915731143
0.042118492318
0.0441182906717
0.0463649149301
0.0505798538749
0.0552048111411
0.0601712441404
0.0656799830175
0.0697578319687
0.074091242596
0.0789382614779
0.0843934153428
0.0928994881556
0.103551492702
0.115929353448
0.130387288206
0.144623281598
0.159003229034
0.17556108289
0.194620354581
0.219781497007
0.254410448394
0.295641540482
0.344777034449
0.39984643846
0.452663812948
0.513130277137
0.582178654876
0.66303692673
0.784114966933
0.92825
0.815492455168
0.716339210413
0.608611662806
0.516344787286
0.438956584014
0.374067174089
0.328702116962
0.292183651059
0.260385823762
0.232749817044
0.204806112915
0.178541191878
0.156371456431
0.137606227294
0.123412641343
0.113417396023
0.104689562559
0.0970495503408
0.0896253106444
0.0811301401001
0.0736852812717
0.0671151327859
0.0614514292187
0.0581915534667
0.0552048111411
0.0524450540265
0.0498734455954
0.0460301511333
0.0423484124984
0.0389249948882
0.035726189296
0.0336652033047
0.0319820851173
0.0303404040363
0.0287364521741
0.026564634237
0.0240661574019
0.0216797693319
0.0193939101476
0.0175680684221
0.0163050435983
0.0150738334774
0.013879790708
0.012523684303
0.0106065324145
0.00874110966536
0.00691751710689
0.00519549781159
0.00428457477678
0.0034355
0.00514278599447
0.00687337302527
0.00788083466618
0.00887749982227
0.0099259503992
0.0110192235577
0.0127732102821
0.0147923304646
0.0168811718311
0.0190494860346
0.0207714515818
0.0221560774746
0.023570392753
0.0250120767379
0.0269312614805
0.0295832239172
0.0323797754597
0.0353387353986
0.0381502599938
0.0400871667831
0.0421029525993
0.0442133063632
0.04657538134
0.0506960190374
0.0552048111411
0.0612133937538
0.0677184658768
0.0707569879427
0.0739125614364
0.0776141862983
0.0819370708806
0.0908796395876
0.102487346123
0.115838905089
0.131320163553
0.145304889764
0.158385848834
0.173469751176
0.190808519775
0.21522137598
0.250958377109
0.29356111589
0.344418713512
0.400450967189
0.450390078213
0.50721825544
0.571709579154
0.647576997892
0.770734651318
0.91776875
0.811032349963
0.716668145069
0.606285201535
0.511460943275
0.432135379809
0.365805281462
0.322610661031
0.288822965179
0.259235133334
0.233401262905
0.205282592265
0.177770701246
0.154519315828
0.134782422035
0.120614015302
0.111879773928
0.104334847033
0.0978399258674
0.0910289360514
0.0815714984933
0.0731492377928
0.0655709826444
0.0590423131123
0.0569599221055
0.0552048111411
0.0537374494774
0.0525227904956
0.0478052552765
0.0429900408637
0.0383778609286
0.0339364751568
0.0326373484218
0.032447901278
0.0323563338345
0.0323539044747
0.0301152282544
0.026300507003
0.0225593930418
0.0188858493424
0.016927137531
0.0173383684342
0.017802699275
0.018317474075
0.0178897996446
0.0145371720124
0.0112288667996
0.00796242773439
0.00506544554199
0.00583549316902
0.00664
0.00979554117122
0.0129858296967
0.0125829324899
0.0118889953006
0.0112361635985
0.0106265809717
0.0130342504802
0.0164816283393
0.0199811463389
0.0235360022728
0.0248359380236
0.0245436275442
0.0243151759534
0.0241550368026
0.025725444047
0.029701808023
0.0337772239418
0.0379654756551
0.0412822597373
0.0417285686618
0.0423168287211
0.0430647095647
0.044333627963
0.0496024536559
0.0552048111411
0.0597468359872
0.0649626106755
0.0694864595906
0.0741200112706
0.0789578326475
0.0839711126804
0.0920860341398
0.10282873841
0.115838908589
0.131656299014
0.145817551896
0.157666891651
0.170154698382
0.183178378305
0.204260993527
0.24135252674
0.287040709393
0.343180224846
0.402717967991
0.441254486665
0.482010153563
0.524675868233
0.574775615517
0.704931049792
0.8640625
0.789097816121
0.718217110652
0.595833265774
0.490636859116
0.404728605166
0.334822937163
0.301556353708
0.278290000837
0.256033183211
0.234967031826
0.206236359949
0.176549366006
0.152362444282
0.132658536059
0.11960560892
0.11187983342
0.104448644462
0.097367858434
0.0898666264515
0.0811236163769
0.0737715872954
0.0675345264612
0.0622992328956
0.0586931267388
0.0552048111411
0.0518479973238
0.0486298694594
0.0451997876903
0.0420534964592
0.0391695281889
0.0364979882222
0.0340905052457
0.031797863314
0.0295802375452
0.0274373561014
0.0253502828544
0.0233375932846
0.0214057364852
0.019545600644
0.017752212304
0.0160179292841
0.014336235279
0.0127051392328
0.0111223936134
0.00958582961593
0.00809329091633
0.00664228688616
0.00523045349102
0.0038554691878
0.002515
0.00385546922755
0.00523045609207
0.00664229867293
0.00809329817871
0.00958571613301
0.0111217570228
0.0127041131366
0.0143357220561
0.0160198288884
0.0177604788616
0.0195579276101
0.0214122740335
0.0233275380472
0.0253051960371
0.0273642935048
0.0295385082412
0.0318271100497
0.0342518526605
0.0367996118729
0.0393535668808
0.042004647253
0.0447506003557
0.0476276380705
0.0512012208627
0.0552048111411
0.0597468359872
0.0649626106755
0.0694864595906
0.0741200112706
0.0789578326475
0.0839711126804
0.0920860341398
0.10282873841
0.115838908589
0.131656299014
0.145817551896
0.157666891651
0.170154698382
0.183178378305
0.204260993527
0.24135252674
0.287040709393
0.343180224846
0.402717967991
0.441254486665
0.482010153563
0.524675868233
0.574775615517
0.704931049792
0.8640625
0.789097816121
0.718217110652
0.595833265774
0.490636859116
0.404728605166
0.334822937163
0.301556353708
0.278290000837
0.256033183211
0.234967031826
0.206236359949
0.176549366006
0.152362444282
0.132658536059
0.11960560892
0.11187983342
0.104448644462
0.097367858434
0.0898666264515
0.0811236163769
0.0737715872954
0.0675345264612
0.0622992328956
0.0586931267388
0.0552048111411
0.0518479973238
0.0486298694594
0.0451997876903
0.0420534964592
0.0391695281889
0.0364979882222
0.0340905052457
0.031797863314
0.0295802375452
0.0274373561014
0.0253502828544
0.0233375932846
0.0214057364852
0.019545600644
0.017752212304
0.0160179292841
0.014336235279
0.0127051392328
0.0111223936134
0.00958582961593
0.00809329091633
0.00664228688616
0.00523045349102
0.0038554691878
0.002515
0.00385546922755
0.00523045609207
0.00664229867293
0.00809329817871
0.00958571613301
0.0111217570228
0.0127041131366
0.0143357220561
0.0160198288884
0.0177604788616
0.0195579276101
0.0214122740335
0.0233275380472
0.0253051960371
0.0273642935048
0.0295385082412
0.0318271100497
0.0342518526605
0.0367996118729
0.0393535668808
0.042004647253
0.0447506003557
0.0476276380705
0.0512012208627
0.0552048111411
0.0599574030929
0.0651989431413
0.0694877934006
0.0741463343527
0.0794021454024
0.0853671071257
0.0938011032684
0.104083525542
0.115979697324
0.129813054593
0.144162560633
0.159458150156
0.177229057854
0.197889157791
0.223961227889
0.257775643456
0.297790067675
0.345167951384
0.399151001737
0.455419356042
0.520677108576
0.596262109119
0.684975678903
0.804172465288
0.944875
0.822178287953
0.715872428452
0.611741319304
0.5225791263
0.447223213296
0.383571475961
0.335347704859
0.295654348831
0.26150755545
0.232152712632
0.204397512513
0.17915570897
0.157736219797
0.139514928438
0.125135342183
0.114273241912
0.104866906839
0.0966967444271
0.0890689153399
0.0809755121253
0.0738505565418
0.0675324651185
0.0620199308906
0.0584442747047
0.0552048111411
0.0522474708876
0.049527073948
0.0458333106032
0.0422886877723
0.0389671782495
0.0358384880511
0.0337164575472
0.0319642358795
0.0302839733197
0.0286684627859
0.0265268196741
0.0240583395737
0.02168214848
0.019389848698
0.0175601267742
0.016321480027
0.0151244317872
0.0139698259152
0.0126370629419
0.010689205038
0.00879077112937
0.00693618590526
0.00519358841588
0.00430059710574
0.003450625
0.00519085298137
0.00696311462378
0.00796484425887
0.00893761633134
0.00995350794038
0.0110109275597
0.0127785064708
0.0148236532278
0.0169304811172
0.0191050775702
0.0208039431785
0.0221625351623
0.0235677868103
0.025021204391
0.0269539246099
0.0295799044633
0.0323262277463
0.0352077523344
0.0379537371724
0.0399606166991
0.0420830443573
0.044340673765
0.0468684650417
0.0508632047703
0.0552048111411
0.059912494971
0.0650657596435
0.0693983464209
0.0741669909466
0.0795920509334
0.0857912712209
0.0942109613664
0.104332012966
0.116003549518
0.129539998753
0.143944652699
0.159670550823
0.177993008753
0.199350358274
0.225777527323
0.259193037752
0.298665449841
0.345321844937
0.398886582195
0.45643147065
0.523356727192
0.60110120932
0.692280190726
0.810653309809
0.950096375
0.82433856946
0.715717013307
0.612816674905
0.524792724287
0.450259557119
0.387185209714
0.337963895262
0.297068427715
0.261980020215
0.231893241284
0.204214862453
0.179437164564
0.158373421797
0.140417689876
0.125954509704
0.114678729212
0.10494973598
0.0965363651714
0.0888265358569
0.0809122102816
0.0739125263235
0.0676707013599
0.0621773295697
0.0584973479397
0.0552048111411
0.0522419510519
0.0495601930716
0.0458824411759
0.0423152439797
0.0389377641908
0.0357223181954
0.0336394252949
0.0320033465341
0.0304695313965
0.0290275773206
0.0269021446712
0.0243072624238
0.0217845547599
0.0193284804061
0.0174802995099
0.0164534659662
0.0154801535265
0.0145575795098
0.0133562147605
0.0112201537077
0.00912820852434
0.00707797863495
0.00517599826402
0.00450888500839
0.00387625
0.0058157166893
0.00778985176123
0.00860291154245
0.00934609317789
0.0101304908303
0.010958306695
0.0128130802117
0.0150438619235
0.0173264389348
0.0196638684206
0.0212948895138
0.0224404950648
0.0236507610936
0.024930608702
0.026834219765
0.0295908196443
0.0324435597102
0.0354046125348
0.0381570344199
0.0400488588752
0.0420918964265
0.0443088833945
0.0468404411679
0.0508678754005
0.0552048111411
0.0591910426228
0.0635793029193
0.0686287785051
0.074312718089
0.0807378741927
0.0880500827646
0.0961861953818
0.105438537845
0.116103450922
0.128447637265
0.143100790672
0.160476037785
0.180858153967
0.204814580139
0.23259492474
0.264560485957
0.302022564451
0.345921087552
0.397839543273
0.460509846341
0.534344880407
0.621284560819
0.723241640077
0.838539238839
0.972875
0.833633879137
0.715058259066
0.617301864127
0.533869894334
0.462494684192
0.401494741639
0.348151019718
0.302491459008
0.263769169617
0.230919327368
0.20353183472
0.18049274438
0.160789882682
0.143913689704
0.129231594167
0.116377053085
0.105318577607
0.0957634475132
0.0875357864034
0.0805302691952
0.0743497077506
0.0688600335933
0.0639340511529
0.0593499734422
0.0552048111411
0.051428425177
0.047962831674
0.0448543197487
0.0419572385097
0.0392326612874
0.0366565814377
0.034160400838
0.0317735484236
0.029499337327
0.027325400695
0.0252651203484
0.0232957720268
0.0213927742769
0.0195515569126
0.0177582584578
0.016009998039
0.0143190338627
0.0126820387397
0.0110993406381
0.00957203407596
0.00808633345376
0.00664007376525
0.0052306411117
0.00385431446824
0.002515
0.00385200506887
0.00522163792026
0.00663233962883
0.00808487598718
0.00958111761968
0.0111234438259
0.012702754284
0.0143250735602
0.0159960351532
0.0177181557848
0.0195102774619
0.0213770908966
0.0233135976279
0.0253257525041
0.0274016119736
0.0295337494049
0.0317541653787
0.0340732305912
0.0365220737458
0.0391641675855
0.0419725612698
0.0449741384356
0.0481920546581
0.0515562434485
0.0552048111411
0.0599574030929
0.0651989431413
0.0694877934006
0.0741463343527
0.0794021454024
0.0853671071257
0.0938011032684
0.104083525542
0.115979697324
0.129813054593
0.144162560633
0.159458150156
0.177229057854
0.197889157791
0.223961227889
0.257775643456
0.297790067675
0.345167951384
0.399151001737
0.455419356042
0.520677108576
0.596262109119
0.684975678903
0.804172465288
0.944875
0.822178287953
0.715872428452
0.611741319304
0.5225791263
0.447223213296
0.383571475961
0.335347704859
0.295654348831
0.26150755545
0.232152712632
0.204397512513
0.17915570897
0.157736219797
0.139514928438
0.125135342183
0.114273241912
0.104866906839
0.0966967444271
0.0890689153399
0.0809755121253
0.0738505565418
0.0675324651185
0.0620199308906
0.0584442747047
0.0552048111411
0.0522474708876
0.049527073948
0.0458333106032
0.0422886877723
0.0389671782495
0.0358384880511
0.0337164575472
0.0319642358795
0.0302839733197
0.0286684627859
0.0265268196741
0.0240583395737
0.02168214848
0.019389848698
0.0175601267742
0.016321480027
0.0151244317872
0.0139698259152
0.0126370629419
0.010689205038
0.00879077112937
0.00693618590526
0.00519358841588
0.00430059710574
0.003450625
0.00519085298137
0.00696311462378
0.00796484425887
0.00893761633134
0.00995350794038
0.0110109275597
0.0127785064708
0.0148236532278
0.0169304811172
0.0191050775702
0.0208039431785
0.0221625351623
0.0235677868103
0.025021204391
0.0269539246099
0.0295799044633
0.0323262277463
0.0352077523344
0.0379537371724
0.0399606166991
0.0420830443573
0.044340673765
0.0468684650417
0.0508632047703
0.0552048111411
0.0616414862704
0.0696646232992
0.0723894621784
0.0734712217996
0.0730019273915
0.0704166176761
0.0785616754489
0.0942874155922
0.114980138607
0.141985461951
0.154488693505
0.148778358221
0.136582693354
0.115909508778
0.116940697114
0.170455697927
0.241672452536
0.334952250319
0.417236843385
0.384436448778
0.328886130006
0.244371955732
0.14756400978
0.323604067649
0.556
0.661988822073
0.727306719285
0.533543507441
0.364143100525
0.234274491504
0.136398306777
0.161680786747
0.205002816684
0.23240090694
0.247441359885
0.21464496864
0.164180732575
0.12569684399
0.0967352351073
0.0886181201079
0.0972807437349
0.101601536856
0.102659998791
0.0976120521683
0.0831089181289
0.0718252188825
0.0630480679165
0.0567423088858
0.0564539945859
0.0552048111411
0.0532785410936
0.0508957839041
0.0463650496396
0.042374505529
0.0389624846606
0.0359899904946
0.0338736946571
0.0318701199552
0.0298074666457
0.027729606488
0.0255526367848
0.0234257699815
0.0214292534992
0.0195366355778
0.0177449790661
0.0160251055671
0.014347349764
0.0127151070253
0.011128523209
0.00958787230859
0.00809379111292
0.00664234974891
0.00523045202793
0.00385547022117
0.002515
0.00385547232766
0.00523052485722
0.0066425815553
0.00809390367985
0.00958639703056
0.0111213085158
0.0127046994773
0.0143426024515
0.0160413577376
0.017811111527
0.0196296481397
0.0214761059285
0.0233569302795
0.0252563519849
0.0272668767092
0.0295518746589
0.0320438799735
0.0348059241648
0.0376886078963
0.0399746974658
0.0421116502762
0.0439966073297
0.045710325848
0.0499907607498
0.0552048111411
0.059912494971
0.0650657596435
0.0693983464209
0.0741669909466
0.0795920509334
0.0857912712209
0.0942109613664
0.104332012966
0.116003549518
0.129539998753
0.143944652699
0.159670550823
0.177993008753
0.199350358274
0.225777527323
0.259193037752
0.298665449841
0.345321844937
0.398886582195
0.45643147065
0.523356727192
0.60110120932
0.692280190726
0.810653309809
0.950096375
0.82433856946
0.715717013307
0.612816674905
0.524792724287
0.450259557119
0.387185209714
0.337963895262
0.297068427715
0.261980020215
0.231893241284
0.204214862453
0.179437164564
0.158373421797
0.140417689876
0.125954509704
0.114678729212
0.10494973598
0.0965363651714
0.0888265358569
0.0809122102816
0.0739125263235
0.0676707013599
0.0621773295697
0.0584973479397
0.0552048111411
0.0522419510519
0.0495601930716
0.0458824411759
0.0423152439797
0.0389377641908
0.0357223181954
0.0336394252949
0.0320033465341
0.0304695313965
0.0290275773206
0.0269021446712
0.0243072624238
0.0217845547599
0.0193284804061
0.0174802995099
0.0164534659662
0.0154801535265
0.0145575795098
0.0133562147605
0.0112201537077
0.00912820852434
0.00707797863495
0.00517599826402
0.00450888500839
0.00387625
0.0058157166893
0.00778985176123
0.00860291154245
0.00934609317789
0.0101304908303
0.010958306695
0.0128130802117
0.0150438619235
0.0173264389348
0.0196638684206
0.0212948895138
0.0224404950648
0.0236507610936
0.024930608702
0.026834219765
0.0295908196443
0.0324435597102
0.0354046125348
0.0381570344199
0.0400488588752
0.0420918964265
0.0443088833945
0.0468404411679
0.0508678754005
0.0552048111411
0.0597512339747
0.0647359766789
0.0692289356135
0.0741988141922
0.0798402256538
0.0862764726933
0.0946317594377
0.104565835589
0.116024493958
0.129312710826
0.143770325121
0.159835834401
0.178577253087
0.20045812945
0.227152199148
0.260269930906
0.2993358557
0.345440985423
0.398679282257
0.457235693982
0.52551508099
0.605050695223
0.698316169348
0.816069731527
0.9545046875
0.826144043366
0.71558858823
0.613694338439
0.526575712208
0.452672227115
0.390018308855
0.339989283513
0.298151391025
0.2623389846
0.231696859595
0.204076391056
0.179652412476
0.158869272532
0.14113990413
0.126636373484
0.115034784697
0.105027676855
0.0963717050565
0.0885492778727
0.0808294853748
0.0740079960602
0.0679325180621
0.0625670730734
0.0586879291172
0.0552048111411
0.0520575775464
0.049195887513
0.0456465800832
0.042232666148
0.0390061271165
0.0359398958443
0.033761263016
0.0319494001491
0.0302409889999
0.0286253647231
0.0265142530337
0.0240669953812
0.0216912856954
0.0193816923692
0.0175467210008
0.0163473235847
0.0152018343221
0.014107397106
0.0128137929574
0.0108235338343
0.00887715750464
0.00697231921378
0.00518920156437
0.00435047510823
0.00354625
0.00534048698882
0.00716929664459
0.00812744414721
0.00904218931193
0.00999828420578
0.0109979960952
0.0127865988938
0.0148715690827
0.0170080117904
0.0191989179838
0.0208691938089
0.0221873361755
0.0235706720794
0.025024237718
0.0269682906309
0.0295773759739
0.0322817205551
0.0350932494697
0.0377762735343
0.0398437700981
0.0420643704826
0.0444614993956
0.0471486997175
0.0510238837514
0.0552048111411
0.0593116988638
0.0638360321993
0.0687658508386
0.0742859906484
0.0805218411918
0.0876130809737
0.0957948188597
0.105214428347
0.116082809084
0.128677470408
0.143281279163
0.160301161019
0.180227478949
0.203596140003
0.231055744591
0.26333374438
0.30124575837
0.345780656024
0.398088187554
0.459527749254
0.53165967504
0.616275215778
0.715430934523
0.831383336993
0.966925
0.831248578521
0.71522444429
0.61618867634
0.531651681206
0.459548392932
0.398096603136
0.345763683733
0.301236618416
0.263360255758
0.231139210246
0.203684139737
0.180260390425
0.160265252384
0.14316595167
0.128542094736
0.11602614184
0.105243874441
0.0959165948479
0.0877855017125
0.0806022801955
0.0742695254288
0.0686481945325
0.063630643822
0.0592073797028
0.0552048111411
0.0515555397391
0.0482037149184
0.0450038267372
0.0420074048582
0.0391928639626
0.036535203707
0.0340952557193
0.0318012058342
0.0296117575712
0.0275154059022
0.0254413175698
0.0234008884571
0.0214321555978
0.0195298188932
0.017731927869
0.0160509681638
0.0144240428396
0.0128487741832
0.0112974593606
0.0097155840257
0.00817681655088
0.00667818144196
0.00522585339632
0.00391231994182
0.0026375
0.00402602148959
0.00544666054318
0.006803824174
0.00819440815738
0.00962896760293
0.011108947334
0.0127125622513
0.0143900791174
0.0161189455278
0.0179024699069
0.0196841816166
0.0214839830534
0.023348636438
0.0252832221403
0.0273382769045
0.0295403623604
0.0318371376103
0.0342397125613
0.0367344847745
0.0392835595599
0.0419892833859
0.0448773986195
0.0479882303744
0.0514486849729
0.0552048111411
0.0614543668026
0.0683905160481
0.0711916393628
0.0738147867811
0.0767326268148
0.0799969668573
0.0890258934015
0.101372750575
0.11573253191
0.132533604029
0.146271787649
0.15744309167
0.17007220165
0.184287545237
0.207076865583
0.24456481228
0.289585036585
0.343714267852
0.401671632308
0.445675262817
0.494615784634
0.548722676086
0.612517541251
0.739293584893
0.89215625
0.800551994488
0.717414090955
0.601177000853
0.501050206522
0.41799093362
0.34912285817
0.310635084811
0.282400067841
0.257103945058
0.23456476439
0.206097714083
0.176518972473
0.151691044339
0.130776702228
0.116973693874
0.110071429887
0.103963315184
0.0985653048098
0.0921375669219
0.0818653516545
0.0728559138268
0.0648992486314
0.0582480720006
0.0566751357751
0.0552048111411
0.0538069686508
0.0524535098924
0.0476259907434
0.0428801318849
0.0385078749255
0.0344742737702
0.0330077562896
0.0322533374751
0.0314031540242
0.0304506128885
0.0280631460063
0.0248960969589
0.0219628244735
0.0192552954266
0.0174242901738
0.016486961044
0.0154225170624
0.0142316042888
0.0126864377486
0.0105306430683
0.00856726185889
0.00679039424557
0.00521824774198
0.00392784954774
0.002515
0.00407261030738
0.00580412629718
0.00730878179027
0.0086670524776
0.00990065395047
0.011007314769
0.0127939051987
0.0150081822077
0.0174269241681
0.020055933773
0.0218803693493
0.0229243700017
0.023847039272
0.0246503670004
0.0263598745757
0.0296457386224
0.0331935325332
0.0370188777706
0.0403411121638
0.0413385266712
0.0422801923949
0.0431807042625
0.0443922500118
0.0495436297399
0.0552048111411
0.0616414862704
0.0696646232992
0.0723894621784
0.0734712217996
0.0730019273915
0.0704166176761
0.0785616754489
0.0942874155922
0.114980138607
0.141985461951
0.154488693505
0.148778358221
0.136582693354
0.115909508778
0.116940697114
0.170455697927
0.241672452536
0.334952250319
0.417236843385
0.384436448778
0.328886130006
0.244371955732
0.14756400978
0.323604067649
0.556
0.661988822073
0.727306719285
0.533543507441
0.364143100525
0.234274491504
0.136398306777
0.161680786747
0.205002816684
0.23240090694
0.247441359885
0.21464496864
0.164180732575
0.12569684399
0.0967352351073
0.0886181201079
0.0972807437349
0.101601536856
0.102659998791
0.0976120521683
0.0831089181289
0.0718252188825
0.0630480679165
0.0567423088858
0.0564539945859
0.0552048111411
0.0532785410936
0.0508957839041
0.0463650496396
0.042374505529
0.0389624846606
0.0359899904946
0.0338736946571
0.0318701199552
0.0298074666457
0.027729606488
0.0255526367848
0.0234257699815
0.0214292534992
0.0195366355778
0.0177449790661
0.0160251055671
0.014347349764
0.0127151070253
0.011128523209
0.00958787230859
0.00809379111292
0.00664234974891
0.00523045202793
0.00385547022117
0.002515
0.00385547232766
0.00523052485722
0.0066425815553
0.00809390367985
0.00958639703056
0.0111213085158
0.0127046994773
0.0143426024515
0.0160413577376
0.017811111527
0.0196296481397
0.0214761059285
0.0233569302795
0.0252563519849
0.0272668767092
0.0295518746589
0.0320438799735
0.0348059241648
0.0376886078963
0.0399746974658
0.0421116502762
0.0439966073297
0.045710325848
0.0499907607498
0.0552048111411
0.0594852365794
0.06431616773
0.0690898199157
0.0742079401003
0.0797569999094
0.0857684148746
0.093854857098
0.103928494193
0.115947553932
0.130374845001
0.144764782306
0.158720770474
0.174033412339
0.190734089182
0.213773035512
0.248823294299
0.29165258038
0.34398471734
0.401356907142
0.446343481465
0.495063614773
0.547322440366
0.607332430588
0.732194870786
0.8846
0.798185756452
0.717524412459
0.600865837359
0.501420153158
0.419995589565
0.353424102093
0.315232726103
0.285739946278
0.258523439064
0.233608168686
0.205291896089
0.177978365885
0.155524080749
0.137020010075
0.12344997096
0.113726804263
0.104815229723
0.0966757103199
0.0888395966263
0.0808572272896
0.0740353737846
0.0681475150497
0.0630632109221
0.0590022896752
0.0552048111411
0.0516499632542
0.0483167619812
0.045039415421
0.0420095956866
0.0391975952144
0.0365660699941
0.0341191500478
0.0317884814587
0.0295513418845
0.0274010963114
0.0253258924395
0.0233273184416
0.0214031021779
0.0195465596701
0.0177529454414
0.0160172466578
0.0143352547448
0.0127043358667
0.0111219511657
0.00958570112131
0.00809326456754
0.0066422842837
0.00523045353339
0.00385546917209
0.002515
0.0038554691804
0.00523045410096
0.00664228696183
0.00809326628281
0.00958567330147
0.011121789397
0.0127040658797
0.0143351150587
0.0160177810095
0.0177553468995
0.0195502554019
0.0214051237708
0.0233241130995
0.0253110833786
0.0273763801014
0.0295368084965
0.031798964484
0.0341786492773
0.0366804687721
0.0392693658045
0.0419900136621
0.0448543706476
0.0478925751675
0.0513687881524
0.0552048111411
0.0612133937538
0.0677184658768
0.0707569879427
0.0739125614364
0.0776141862983
0.0819370708806
0.0908796395876
0.102487346123
0.115838905089
0.131320163553
0.145304889764
0.158385848834
0.173469751176
0.190808519775
0.21522137598
0.250958377109
0.29356111589
0.344418713512
0.400450967189
0.450390078213
0.50721825544
0.571709579154
0.647576997892
0.770734651318
0.91776875
0.811032349963
0.716668145069
0.606285201535
0.511460943275
0.432135379809
0.365805281462
0.322610661031
0.288822965179
0.259235133334
0.233401262905
0.205282592265
0.177770701246
0.154519315828
0.134782422035
0.120614015302
0.111879773928
0.104334847033
0.0978399258674
0.0910289360514
0.0815714984933
0.0731492377928
0.0655709826444
0.0590423131123
0.0569599221055
0.0552048111411
0.0537374494774
0.0525227904956
0.0478052552765
0.0429900408637
0.0383778609286
0.0339364751568
0.0326373484218
0.032447901278
0.0323563338345
0.0323539044747
0.0301152282544
0.026300507003
0.0225593930418
0.0188858493424
0.016927137531
0.0173383684342
0.017802699275
0.018317474075
0.0178897996446
0.0145371720124
0.0112288667996
0.00796242773439
0.00506544554199
0.00583549316902
0.00664
0.00979554117122
0.0129858296967
0.0125829324899
0.0118889953006
0.0112361635985
0.0106265809717
0.0130342504802
0.0164816283393
0.0199811463389
0.0235360022728
0.0248359380236
0.0245436275442
0.0243151759534
0.0241550368026
0.025725444047
0.029701808023
0.0337772239418
0.0379654756551
0.0412822597373
0.0417285686618
0.0423168287211
0.0430647095647
0.044333627963
0.0496024536559
0.0552048111411
0.0602385820343
0.0657300574981
0.0697382425088
0.0741034051262
0.079098280863
0.0848301421246
0.0933811735242
0.103873073691
0.115962637129
0.129981795161
0.144281795869
0.159352553467
0.176874917386
0.197241896911
0.223175621258
0.257166350365
0.297411100604
0.345100254053
0.399269803171
0.454953960548
0.519416451491
0.593937439659
0.681403592526
0.800958263768
0.942259375
0.821106887446
0.71594843029
0.611224726091
0.521537713925
0.445827026815
0.381947856366
0.334196850235
0.295042171255
0.261304457753
0.232264942151
0.204478420123
0.179025236166
0.157419429727
0.139020953887
0.124629120478
0.113983218607
0.104796756222
0.0968610647618
0.0893757524834
0.0810768003051
0.0737217688621
0.0671454074059
0.061392250287
0.0581119723194
0.0552048111411
0.0526174950187
0.0503047809022
0.0463660933578
0.0424851096463
0.0387967163711
0.0352721221388
0.033386641826
0.0321155603521
0.0309460778401
0.0298681702922
0.0277145431491
0.0248114803339
0.0219806484755
0.0192164144315
0.017340196378
0.0166776676876
0.0160687805755
0.0155107452066
0.0145057854881
0.012061408277
0.00966105858926
0.00730235490905
0.00514794958354
0.00484548104853
0.0045775
0.00682550480972
0.00910813974397
0.0096126047759
0.00999112220385
0.01041090902
0.0108741917637
0.0128691487821
0.0154082500967
0.0179990440989
0.0206445903439
0.0221914173108
0.0229727494356
0.0238188337303
0.0247345125177
0.0265540221078
0.029618851788
0.0327802011642
0.0360506147332
0.0389448775188
0.0404720023343
0.0421485183153
0.0439959319826
0.0462104053112
0.0505501074286
0.0552048111411
0.0593116988638
0.0638360321993
0.0687658508386
0.0742859906484
0.0805218411918
0.0876130809737
0.0957948188597
0.105214428347
0.116082809084
0.128677470408
0.143281279163
0.160301161019
0.180227478949
0.203596140003
0.231055744591
0.26333374438
0.30124575837
0.345780656024
0.398088187554
0.459527749254
0.53165967504
0.616275215778
0.715430934523
0.831383336993
0.966925
0.831248578521
0.71522444429
0.61618867634
0.531651681206
0.459548392932
0.398096603136
0.345763683733
0.301236618416
0.263360255758
0.231139210246
0.203684139737
0.180260390425
0.160265252384
0.14316595167
0.128542094736
0.11602614184
0.105243874441
0.0959165948479
0.0877855017125
0.0806022801955
0.0742695254288
0.0686481945325
0.063630643822
0.0592073797028
0.0552048111411
0.0515555397391
0.0482037149184
0.0450038267372
0.0420074048582
0.0391928639626
0.036535203707
0.0340952557193
0.0318012058342
0.0296117575712
0.0275154059022
0.0254413175698
0.0234008884571
0.0214321555978
0.0195298188932
0.017731927869
0.0160509681638
0.0144240428396
0.0128487741832
0.0112974593606
0.0097155840257
0.00817681655088
0.00667818144196
0.00522585339632
0.00391231994182
0.0026375
0.00402602148959
0.00544666054318
0.006803824174
0.00819440815738
0.00962896760293
0.011108947334
0.0127125622513
0.0143900791174
0.0161189455278
0.0179024699069
0.0196841816166
0.0214839830534
0.023348636438
0.0252832221403
0.0273382769045
0.0295403623604
0.0318371376103
0.0342397125613
0.0367344847745
0.0392835595599
0.0419892833859
0.0448773986195
0.0479882303744
0.0514486849729
0.0552048111411
0.0595440524235
0.0643440919354
0.0690440937655
0.0742304479795
0.0800631579509
0.0866670629311
0.0949328140056
0.104713323677
0.116036056272
0.129203595706
0.143697920208
0.159895000611
0.178757048839
0.200750725705
0.227463407787
0.260478451666
0.299446435426
0.345457598745
0.398655166049
0.457312052025
0.525676384584
0.605269035821
0.698535217196
0.816164792033
0.9545
0.826175730201
0.715583927637
0.613742858572
0.526708963003
0.452901301244
0.390347897036
0.340271709987
0.298330019814
0.26240849152
0.231652401218
0.204039816524
0.179718653017
0.159046771159
0.141439867341
0.126963718843
0.115231344028
0.105076839551
0.0962539010952
0.0883260834511
0.0807551746091
0.0741028974222
0.0682181827363
0.0630302095885
0.0589327800413
0.0552048111411
0.0517861388117
0.0486268308616
0.0452577352628
0.0420896709359
0.0391299207345
0.0363502385605
0.0339996806955
0.0318402489017
0.0297644178641
0.0277636155468
0.0256628384172
0.0235281904419
0.0214781615696
0.0195052738922
0.0177031172823
0.0160945510697
0.014533065644
0.0130184813744
0.0114961302363
0.00985816570317
0.00826633057631
0.00671594196067
0.00522107522079
0.0039709391366
0.0027635
0.00420187907396
0.0056712347929
0.0069737465082
0.00830276724079
0.00967649482875
0.0110944104406
0.0127225450272
0.0144575694249
0.0162496942452
0.0181041440132
0.0198805416251
0.0216088564054
0.023391070433
0.0252297515909
0.0272555403563
0.0295493423777
0.0319542668128
0.0344839598444
0.0370581737809
0.0394723892441
0.0420167054119
0.0447131048676
0.0476302091918
0.0512535626807
0.0552048111411
0.0616414862704
0.0696646232992
0.0723894621784
0.0734712217996
0.0730019273915
0.0704166176761
0.0785616754489
0.0942874155922
0.114980138607
0.141985461951
0.154488693505
0.148778358221
0.136582693354
0.115909508778
0.116940697114
0.170455697927
0.241672452536
0.334952250319
0.417236843385
0.384436448778
0.328886130006
0.244371955732
0.14756400978
0.323604067649
0.556
0.661988822073
0.727306719285
0.533543507441
0.364143100525
0.234274491504
0.136398306777
0.161680786747
0.205002816684
0.23240090694
0.247441359885
0.21464496864
0.164180732575
0.12569684399
0.0967352351073
0.0886181201079
0.0972807437349
0.101601536856
0.102659998791
0.0976120521683
0.0831089181289
0.0718252188825
0.0630480679165
0.0567423088858
0.0564539945859
0.0552048111411
0.0532785410936
0.0508957839041
0.0463650496396
0.042374505529
0.0389624846606
0.0359899904946
0.0338736946571
0.0318701199552
0.0298074666457
0.027729606488
0.0255526367848
0.0234257699815
0.0214292534992
0.0195366355778
0.0177449790661
0.0160251055671
0.014347349764
0.0127151070253
0.011128523209
0.00958787230859
0.00809379111292
0.00664234974891
0.00523045202793
0.00385547022117
0.002515
0.00385547232766
0.00523052485722
0.0066425815553
0.00809390367985
0.00958639703056
0.0111213085158
0.0127046994773
0.0143426024515
0.0160413577376
0.017811111527
0.0196296481397
0.0214761059285
0.0233569302795
0.0252563519849
0.0272668767092
0.0295518746589
0.0320438799735
0.0348059241648
0.0376886078963
0.0399746974658
0.0421116502762
0.0439966073297
0.045710325848
0.0499907607498
0.0552048111411
0.0593116988638
0.0638360321993
0.0687658508386
0.0742859906484
0.0805218411918
0.0876130809737
0.0957948188597
0.105214428347
0.116082809084
0.128677470408
0.143281279163
0.160301161019
0.180227478949
0.203596140003
0.231055744591
0.26333374438
0.30124575837
0.345780656024
0.398088187554
0.459527749254
0.53165967504
0.616275215778
0.715430934523
0.831383336993
0.966925
0.831248578521
0.71522444429
0.61618867634
0.531651681206
0.459548392932
0.398096603136
0.345763683733
0.301236618416
0.263360255758
0.231139210246
0.203684139737
0.180260390425
0.160265252384
0.14316595167
0.128542094736
0.11602614184
0.105243874441
0.0959165948479
0.0877855017125
0.0806022801955
0.0742695254288
0.0686481945325
0.063630643822
0.0592073797028
0.0552048111411
0.0515555397391
0.0482037149184
0.0450038267372
0.0420074048582
0.0391928639626
0.036535203707
0.0340952557193
0.0318012058342
0.0296117575712
0.0275154059022
0.0254413175698
0.0234008884571
0.0214321555978
0.0195298188932
0.017731927869
0.0160509681638
0.0144240428396
0.0128487741832
0.0112974593606
0.0097155840257
0.00817681655088
0.00667818144196
0.00522585339632
0.00391231994182
0.0026375
0.00402602148959
0.00544666054318
0.006803824174
0.00819440815738
0.00962896760293
0.011108947334
0.0127125622513
0.0143900791174
0.0161189455278
0.0179024699069
0.0196841816166
0.0214839830534
0.023348636438
0.0252832221403
0.0273382769045
0.0295403623604
0.0318371376103
0.0342397125613
0.0367344847745
0.0392835595599
0.0419892833859
0.0448773986195
0.0479882303744
0.0514486849729
